,Country,Country Code,GDP,Happiness.Rank,Happiness.Score,Whisker.high,Whisker.low,Economy..GDP.per.Capita.,Family,Health..Life.Expectancy.,Freedom,Generosity,Trust..Government.Corruption.,Dystopia.Residual
0,Afghanistan,20815300220.04,,141,3.79399991,3.873661415,3.714338405,0.40147721799999997,0.581543326,0.180746779,0.10617952,0.311870933,0.06115783,2.150801182
1,Angola,124209385825.22,,140,3.7950000760000004,3.951641935,3.638358217,0.85842818,1.10441196,0.049868666,0.0,0.09792649,0.069720335,1.614482403
2,Albania,13039352743.96,,109,4.644000053,4.752464006,4.5355361,0.996192753,0.803685248,0.7311597470000001,0.381498635,0.201312944,0.039864216,1.490441561
3,United Arab Emirates,382575085091.9,,21,6.647999763,6.722047304,6.573952222999999,1.626343369,1.2664102320000001,0.7267982359999999,0.60834527,0.36094194700000004,0.324489564,1.734703541
4,Argentina,637590419269.32,,24,6.598999977,6.690085086,6.507914867999999,1.1852954629999999,1.440451145,0.6951370840000001,0.494519204,0.109457061,0.059739888,2.614005327
5,Armenia,11536590635.83,,121,4.375999928,4.466734612,4.2852652430000004,0.900596738,1.0074837209999998,0.637524426,0.198303267,0.083488092,0.026674422000000003,1.5214991569999998
6,Australia,1323421072479.07,,10,7.28399992,7.356651225,7.211348615,1.484414935,1.510041952,0.843886793,0.6016073820000001,0.47769925,0.30118373,2.0652108190000003
7,Austria,416595666396.64,,13,7.006000042,7.070669812,6.941330272,1.4870972630000001,1.459944963,0.8153284190000001,0.56776619,0.316472322,0.221060365,2.138506413
8,Azerbaijan,40747792237.97,,85,5.234000206,5.299286535,5.168713877,1.153601766,1.152400255,0.540775776,0.398155838,0.04526934,0.180987507,1.7624816890000001
9,Burundi,3477502178.28,,154,2.904999971,3.074690333,2.73530961,0.091622569,0.629793584,0.151610792,0.059900753,0.204435185,0.084147945,1.6830241680000002
10,Belgium,492681283049.25,,17,6.890999794,6.95582075,6.826178838,1.463780761,1.462312698,0.8180918690000001,0.539770722,0.231503338,0.251343131,2.124210358
11,Benin,9273558271.65,,143,3.657000065,3.745783551,3.568216578,0.43108540799999995,0.435299844,0.209930211,0.425962776,0.207948461,0.060929015,1.885630965
12,Burkina Faso,12873114800.02,,134,4.032000065,4.124059064,3.939941065,0.35022771399999997,1.043280005,0.21584425899999998,0.32436785100000004,0.250864685,0.12032810599999999,1.7272129059999999
13,Bangladesh,249723887765.42,,110,4.607999802,4.6898216580000005,4.526177945,0.586682975,0.7351317409999999,0.533241034,0.47835665899999996,0.172255352,0.123717859,1.978736162
14,Bulgaria,56831518294.44,,105,4.714000225,4.803694706,4.624305744,1.161459088,1.4343794580000002,0.70821768,0.289231718,0.11317769400000001,0.011051531000000002,0.996139288
15,Bahrain,35307127659.57,,41,6.086999893,6.178989068,5.995010719,1.488412261,1.323110461,0.653133035,0.5367469189999999,0.17266848699999998,0.25704217,1.656149387
16,Bosnia and Herzegovina,18168579578.2,,90,5.18200016,5.2763356869999996,5.087664633999999,0.9824094179999999,1.069335938,0.7051863070000001,0.204403177,0.328867495,0.0,1.892172575
17,Belarus,54442374372.51,,67,5.568999767,5.646114244,5.491885291,1.15655756,1.444945216,0.637714267,0.29540026199999997,0.155137509,0.156313822,1.723232985
18,Belize,1838000000.0,,50,5.9559998510000005,6.197242318,5.714757385,0.9079753159999999,1.081417799,0.450191766,0.547509372,0.240015641,0.09658107199999999,2.631955624
19,Bolivia,37508642112.88,,58,5.822999954,5.903976902999999,5.742023006,0.8337565659999999,1.227619052,0.47363025,0.558732927,0.225560725,0.060477725999999996,2.443279028
20,Brazil,2055505502224.73,,22,6.635000229,6.725469502,6.544530956,1.10735321,1.431306005,0.616552353,0.437453747,0.162349895,0.111092761,2.769267082
21,Bhutan,2511852941.18,,97,5.011000156000001,5.079334562,4.942665751,0.8854163890000001,1.340126514,0.495879292,0.5015376810000001,0.474054545,0.17338039,1.140184402
22,Botswana,17406530780.72,,142,3.766000032,3.8741226660000003,3.6578773989999998,1.122094154,1.221554995,0.34175550899999996,0.505196333,0.099348448,0.09858319900000001,0.377913713
23,Central African Republic,1949411659.2,,155,2.6930000780000003,2.8648842689999996,2.5211158869999997,0.0,0.0,0.018772686,0.270842046,0.280876487,0.056565076,2.066004753
24,Canada,1653042795255.04,,7,7.315999985,7.384402835,7.247597133999999,1.479204416,1.481348991,0.834557652,0.611100912,0.435539722,0.287371516,2.187264442
25,Switzerland,678887336848.25,,4,7.493999958,7.56177242,7.426227496,1.5649795530000001,1.516911745,0.858131289,0.620070577,0.290549278,0.367007285,2.276716232
26,Chile,277075944401.94,,20,6.65199995,6.73925056,6.564749341000001,1.25278461,1.2840249540000002,0.819479704,0.37689527899999997,0.32666242100000004,0.082287982,2.509585857
27,China,12237700479375.0,,79,5.2729997630000005,5.31927809,5.226721437,1.0811657909999999,1.160837412,0.741415501,0.472787708,0.028806841,0.022794275,1.7649385930000001
28,Cameroon,34798596482.43,,107,4.695000172,4.796540857,4.593459486,0.564305365,0.946018219,0.132892117,0.43038874899999996,0.236298457,0.051306631,2.333645582
29,Colombia,309191382833.37,,36,6.3569998739999996,6.452020054,6.261979694,1.070622325,1.4021829369999999,0.5950279239999999,0.477487415,0.149014473,0.046668742,2.616068125
30,Costa Rica,57057372468.04,,12,7.078999996,7.168111666000001,6.989888326,1.109706283,1.416403651,0.759509265,0.58013165,0.214613229,0.10010658900000001,2.898639202
31,Cyprus,21651791751.18,,65,5.620999812999999,5.7146926989999995,5.527306927000001,1.3559380769999998,1.131363273,0.8447147009999999,0.355111539,0.27125430100000003,0.041237976,1.621249199
32,Czech Republic,215725534372.37,,23,6.609000206,6.683862463,6.534137949,1.352682352,1.4338852169999998,0.7544440029999999,0.49094617399999996,0.088106759,0.036872927,2.451861858
33,Germany,3677439129776.6,,16,6.951000214,7.005381569,6.896618857999999,1.4879233840000001,1.472520351,0.798950732,0.562511384,0.33626917,0.276731938,2.015769958
34,Denmark,324871968807.47,,2,7.521999836,7.581728065,7.462271607000001,1.4823830130000002,1.5511215930000002,0.792565525,0.6260067220000001,0.355280489,0.400770068,2.3137073519999998
35,Dominican Republic,75931656814.66,,86,5.230000018999999,5.349060885,5.110939153,1.0793738370000001,1.402416706,0.574873745,0.552589834,0.18696785,0.11394525300000001,1.31946516
36,Algeria,170370810917.97,,53,5.872000217,5.978286434,5.765714001,1.091864467,1.146217465,0.6175846460000001,0.233335808,0.069436647,0.14609611,2.5676038269999997
37,Ecuador,103056619000.0,,44,6.007999897,6.105847675,5.910152119,1.0008203979999999,1.286168814,0.6856362220000001,0.45519819899999997,0.150112465,0.140134647,2.290352583
38,Spain,1311320015515.99,,34,6.402999877999999,6.471054845,6.334944911,1.384397864,1.532090902,0.8889606,0.40878123,0.190133572,0.070914097,1.92775774
39,Estonia,25921079612.33,,66,5.611000061,5.688139874,5.533860248,1.32087934,1.4766711000000001,0.695168316,0.47913143,0.098890811,0.18324892199999998,1.357508659
40,Ethiopia,80561496133.92,,119,4.460000038,4.5427286769999995,4.377271400000001,0.339233845,0.864669204,0.353409708,0.40884274200000004,0.31265074,0.165455714,2.015743732
41,Finland,251884887972.77,,5,7.468999863,7.5275420760000005,7.41045765,1.443571925,1.540246725,0.80915767,0.6179508570000001,0.24548277300000002,0.38261154299999994,2.430181503
42,France,2582501307216.42,,31,6.441999912000001,6.515767802,6.368232022000001,1.430923462,1.3877768519999998,0.844465852,0.470222116,0.129762307,0.172502428,2.0059547419999997
43,Gabon,14622880885.68,,118,4.465000153,4.5573617660000005,4.37263854,1.198210239,1.155620217,0.356578588,0.312328577,0.043785378,0.076046787,1.322916269
44,United Kingdom,2622433959604.16,,19,6.714000225,6.783791761,6.644208689,1.44163394,1.49646008,0.8053359390000001,0.508190036,0.492774159,0.265428066,1.704143524
45,Georgia,15159281211.4,,125,4.285999775,4.374933966,4.197065584,0.9506126640000001,0.570614934,0.649546981,0.309410036,0.054008815,0.251666635,1.500137806
46,Ghana,47330016342.57,,131,4.1199998860000004,4.222707209,4.017292563,0.6672248239999999,0.873664737,0.295637727,0.42302629399999997,0.25692394399999996,0.02533637,1.5778675080000002
47,Guinea,10496056732.55,,149,3.5069999689999998,3.584428129,3.42957181,0.24454993,0.791244686,0.19412913899999998,0.34858751299999996,0.264815092,0.110937618,1.5523118969999998
48,Greece,200288277129.04,,87,5.2270002369999995,5.325246169,5.128754304,1.2894874809999999,1.239414573,0.810198903,0.09573125099999999,0.0,0.043289777,1.749221563
49,Guatemala,75620095537.5,,29,6.453999996,6.566873973,6.34112602,0.8720019459999999,1.255585194,0.54023999,0.531310618,0.283488393,0.077223279,2.8938910960000004
50,Honduras,22978532896.78,,91,5.181000233,5.301582797,5.060417669,0.730573118,1.143944979,0.58256948,0.34807986,0.236188874,0.073345453,2.0658111569999997
51,Croatia,54849180228.87,,77,5.293000221000001,5.391777205,5.194223238,1.222556233,0.9679830070000001,0.7012885209999999,0.255772293,0.248002976,0.04310311,1.854492426
52,Haiti,8408150517.98,,145,3.6029999260000003,3.734714798,3.471285053,0.368610263,0.640449822,0.27732113,0.030369857000000004,0.489203781,0.09987215,1.697167635
53,Hungary,139135029758.29,,75,5.323999882,5.403039709,5.244960054,1.286011934,1.343133092,0.687763453,0.175863519,0.078401662,0.036636937,1.716459274
54,Indonesia,1015539017536.5,,81,5.262000083999999,5.352888598,5.17111157,0.995538592,1.274444699,0.492345721,0.443323463,0.6117045879999999,0.015317135,1.429476976
55,India,2597491162897.67,,122,4.315000057,4.371522017,4.258478097,0.7922212479999999,0.754372597,0.455427617,0.469987005,0.231538489,0.092226885,1.519117117
56,Ireland,333730764773.18,,15,6.977000237,7.043351668,6.910648805,1.535706639,1.558231115,0.809782624,0.573110342,0.427858323,0.298388153,1.7738690380000002
57,Iraq,197715736040.61,,117,4.497000217,4.62259141,4.371409025,1.102710485,0.978613198,0.50118047,0.28855553300000003,0.19963726399999998,0.107215755,1.3189072609999999
58,Iceland,23909289978.59,,3,7.504000187000001,7.622030473,7.385969901,1.48063302,1.6105740069999999,0.8335521220000001,0.627162635,0.47554022100000004,0.153526559,2.322715282
59,Israel,350850537827.28,,11,7.212999821,7.279853256,7.146146385,1.375382423,1.3762899640000001,0.838404,0.405988604,0.330082655,0.0852421,2.801757336
60,Italy,1934797937411.33,,48,5.964000225,6.042736906,5.885263544,1.395066619,1.444923282,0.8531443479999999,0.256450713,0.17278964800000002,0.028028091,1.813312054
61,Jamaica,14768134912.42,,76,5.31099987,5.581398728,5.040601012,0.9255793090000001,1.3682180640000001,0.641022384,0.474307239,0.233818337,0.055267780999999995,1.6123256680000002
62,Jordan,40068308516.28,,74,5.335999966,5.448410022000001,5.223589909,0.9910123940000001,1.239088893,0.604590058,0.418421149,0.17217046,0.11980327199999999,1.791176558
63,Japan,4872136945507.59,,51,5.920000076,5.990719445,5.849280707999999,1.4169151780000002,1.436337829,0.9134758709999999,0.505625546,0.12057276800000001,0.163760737,1.363223553
64,Kazakhstan,159406926359.12,,60,5.818999767,5.903641775,5.73435776,1.28455627,1.384369016,0.606041551,0.43745428299999994,0.201964423,0.11928288599999999,1.784892559
65,Kenya,74938190654.86,,112,4.552999973,4.655691591,4.450308356,0.560479462,1.0679507259999999,0.30998835,0.452763766,0.444860309,0.064641319,1.651902199
66,Cambodia,22158209502.64,,129,4.168000221000001,4.278517814,4.057482629,0.601765096,1.006238341,0.429783404,0.633375823,0.385922968,0.068105951,1.042941093
67,Kuwait,120126277612.93,,39,6.105000018999999,6.1919569889999995,6.018043049,1.6329524519999998,1.259698749,0.632105708,0.49633759299999997,0.22828979800000002,0.21515955,1.640425205
68,Lebanon,51844487742.02,,88,5.224999905,5.318882288,5.131117521,1.0749875309999999,1.129624248,0.735081077,0.288515985,0.264450759,0.03751383,1.695073843
69,Liberia,2158000000.0,,148,3.5329999919999997,3.6537562610000003,3.4122437239999996,0.119041793,0.8721179370000001,0.229918197,0.332881182,0.266549885,0.038948249,1.673285961
70,Libya,50984362478.5,,68,5.525000095,5.676953807,5.373046383999999,1.101803064,1.35756433,0.52016902,0.46573323,0.152073666,0.09261021,1.8350112440000002
71,Sri Lanka,87174682200.43,,120,4.440000057,4.553447192,4.326552922,1.009850144,1.259976387,0.6251308320000001,0.561213255,0.49086356200000003,0.073653966,0.419389248
72,Lesotho,2639386291.43,,139,3.808000088,4.044343975,3.5716562000000005,0.5210212470000001,1.190095186,0.0,0.39066129899999996,0.157497272,0.11909464,1.42983532
73,Lithuania,47168303744.13,,52,5.90199995,5.982669641,5.821330259,1.314582348,1.4735161069999998,0.62894994,0.234231785,0.010164656999999999,0.011865643,2.228440523
74,Luxembourg,62404461274.66,,18,6.862999916000001,6.923686099999999,6.802313732000001,1.7419435980000002,1.457583666,0.845089495,0.596627891,0.28318098199999997,0.318834424,1.6195120809999999
75,Latvia,30264454641.8,,54,5.849999905,5.9202635379999995,5.779736271,1.260748625,1.4047149419999998,0.638566971,0.325707912,0.153074786,0.073842727,1.993655205
76,Morocco,109139484007.43,,84,5.235000134,5.318340965,5.151659302,0.878114581,0.774864435,0.597710669,0.408158332,0.032209955,0.08776318300000001,2.456189394
77,Moldova,8128493432.08,,56,5.837999821,5.908370838,5.767628802999999,0.72887063,1.251825571,0.589465201,0.24072904899999997,0.208779126,0.010091286,2.807808399
78,Madagascar,11499803806.57,,144,3.644000053,3.714319106,3.573681001,0.305808693,0.9130203720000001,0.375223309,0.189196765,0.20873253,0.067231975,1.584612608
79,Mexico,1149918794765.73,,25,6.578000069,6.671148907999999,6.48485123,1.153183818,1.21086216,0.709978998,0.412730008,0.12099043300000001,0.132774115,2.837154865
80,Mali,15288163367.26,,127,4.190000057,4.269670711,4.110329403,0.476180494,1.281473398,0.169365674,0.306613743,0.183354199,0.10497024699999999,1.668190956
81,Malta,12537750732.48,,27,6.52699995,6.598396772999999,6.455603128,1.343279839,1.488411665,0.8219442370000001,0.588767052,0.574730575,0.153066069,1.556862831
82,Myanmar,69322122755.85,,114,4.545000076,4.614739946,4.475260206000001,0.36711055,1.123235941,0.397522569,0.514492035,0.8380751609999999,0.188816205,1.115290403
83,Montenegro,4774086094.21,,83,5.236999989,5.341044441,5.132955537,1.121129036,1.238376498,0.667464674,0.194989055,0.197911024,0.088174194,1.729191542
84,Mongolia,11488046881.04,,100,4.954999924,5.021679509,4.888320338,1.0272358659999998,1.4930112359999999,0.557783484,0.394143969,0.33846423,0.032902289,1.111292362
85,Mozambique,12333859926.28,,113,4.5500001910000005,4.774102326,4.325898055,0.23430565,0.870701015,0.106654435,0.48079109200000003,0.32222810399999996,0.179436386,2.355650902
86,Mauritania,5024705934.34,,123,4.291999817,4.377163616,4.206836018,0.648457289,1.27203083,0.28534928,0.09609804300000001,0.20187002399999998,0.136957005,1.651637316
87,Mauritius,13338147523.01,,64,5.629000187000001,5.729862192000001,5.528138182,1.189395547,1.20956099,0.638007462,0.49124732600000004,0.360933751,0.042181555,1.697583914
88,Malawi,6303277590.8,,136,3.970000029,4.077478817,3.86252124,0.23344203800000002,0.5125688310000001,0.315089583,0.466914654,0.28717047,0.072711654,2.0817861559999997
89,Malaysia,314500279043.81,,42,6.084000111,6.179979637000001,5.988020585,1.29121542,1.284646034,0.618784428,0.40226498200000005,0.41660893,0.065600708,2.004448891
90,Namibia,13244597345.43,,111,4.573999882,4.770354741,4.377645023,0.9644343259999999,1.098470807,0.33861181100000004,0.520303547,0.077133745,0.093146972,1.481890202
91,Niger,8119732792.52,,135,4.027999878,4.11194682,3.9440529360000003,0.161925331,0.993025005,0.268505007,0.363658696,0.22867384600000001,0.138572946,1.8739833830000001
92,Nigeria,375770713742.76,,95,5.073999882,5.209500135,4.938499628,0.783756256,1.215770483,0.05691573,0.394952565,0.23094719600000002,0.026121566000000002,2.365390539
93,Nicaragua,13814261535.54,,43,6.071000099,6.1865836,5.955416597999999,0.737299204,1.28721571,0.653095961,0.447551847,0.30167421699999997,0.13068798199999998,2.513930559
94,Netherlands,826200282501.13,,6,7.376999855,7.427425841,7.326573869,1.503944635,1.4289392230000002,0.810696125,0.585384488,0.47048983,0.282661825,2.294804096
95,Norway,398831956477.94,,1,7.537000179,7.594444821000001,7.479555538,1.616463184,1.53352356,0.796666503,0.635422587,0.362012237,0.315963835,2.277026653
96,Nepal,24472013233.85,,99,4.961999893,5.067356079,4.856643707,0.47982019200000003,1.179283261,0.504130781,0.44030594799999995,0.394096166,0.072975546,1.891241074
97,New Zealand,205852838254.71,,8,7.31400013,7.379510442000001,7.2484898179999995,1.405706048,1.548195124,0.8167597059999999,0.61406213,0.500005126,0.382816702,2.046456337
98,Pakistan,304951818494.07,,80,5.269000053,5.359983641,5.178016465,0.7268835309999999,0.67269069,0.402047783,0.23521526199999998,0.31544601899999997,0.12434806699999999,2.79248929
99,Panama,61838175800.0,,30,6.452000141,6.5571307160000005,6.3468695660000005,1.233748436,1.373192549,0.706156135,0.550026834,0.210556939,0.070983924,2.307199955
100,Peru,211389272242.16,,63,5.715000152999999,5.8119467789999995,5.618053527000001,1.0352252720000001,1.218770385,0.6301661129999999,0.45000287899999997,0.126819715,0.047049087,2.20726943
101,Philippines,313595208737.27,,72,5.429999828,5.545335054,5.314664602,0.857699215,1.253917575,0.468009055,0.5852146739999999,0.19351342300000002,0.099331893,1.9726047519999999
102,Poland,524509565263.41,,46,5.97300005,6.0539083410000005,5.892091757999999,1.291787863,1.44571197,0.699475348,0.520342112,0.15846596699999999,0.059307806,1.7977228159999998
103,Portugal,217571083045.99,,89,5.195000172,5.285041733,5.10495861,1.315175295,1.3670430180000002,0.7958435420000001,0.4984653,0.095102713,0.015869452,1.107682705
104,Paraguay,29734895248.91,,70,5.493000031,5.57738127,5.408618791,0.932537317,1.50728488,0.579250693,0.47350779200000004,0.224150658,0.09106591300000001,1.68533349
105,Qatar,167605219780.22,,35,6.375,6.568476813999999,6.181523186000001,1.870765686,1.27429688,0.710098088,0.604130983,0.33047387,0.439299256,1.14546442
106,Romania,211803281924.74,,57,5.8249998089999995,5.919694157,5.7303054620000005,1.217683911,1.15009129,0.685158312,0.45700374200000005,0.13351991800000002,0.004387901,2.176831484
107,Rwanda,9136689514.09,,151,3.4709999560000004,3.5430302339999997,3.398969679,0.368745893,0.945707023,0.326424807,0.581843853,0.252756029,0.455220014,0.540061235
108,Saudi Arabia,683827144288.54,,37,6.343999863,6.444166612,6.243833112999999,1.530623555,1.2866775990000001,0.59014833,0.449750572,0.14761601400000002,0.273432255,2.065429688
109,Sudan,117487857142.86,,130,4.138999939,4.345747165,3.932252713,0.6595166920000001,1.21400857,0.29092082399999997,0.014995855,0.18231745100000002,0.08984752,1.68706584
110,Senegal,16374743753.47,,115,4.534999847,4.601603781000001,4.468395913999999,0.47930902200000003,1.179691911,0.40936285299999997,0.37792226700000003,0.183468893,0.11546044800000001,1.789646149
111,Singapore,323907234412.34,,26,6.5720000270000005,6.636723068999999,6.507276984,1.69227767,1.3538143630000001,0.949492395,0.549840569,0.34596598100000003,0.464307785,1.2163620000000002
112,Sierra Leone,3774270392.41,,106,4.709000111,4.850643335,4.567356886000001,0.368420929,0.984136045,0.005564754,0.318697691,0.293040901,0.071095176,2.668459892
113,El Salvador,24805439600.0,,45,6.002999783,6.108635122000001,5.897364443,0.9097844959999999,1.182125092,0.596018553,0.43245253,0.078257985,0.08998096,2.714593887
114,Somalia,7368560694.66,,93,5.151000023,5.24248371,5.059516336000001,0.022643184,0.721151352,0.11398913699999999,0.602126956,0.291631311,0.282410324,3.11748457
115,Serbia,41431648801.17,,73,5.394999981000001,5.491569656,5.298430306,1.069317579,1.258189797,0.650784671,0.208715528,0.220125884,0.040903781,1.9470844269999998
116,South Sudan,,,147,3.59100008,3.7255385860000003,3.456461574,0.397248626,0.601323128,0.163486004,0.147062436,0.28567081699999997,0.116793513,1.879567385
117,Slovenia,48769655479.24,,62,5.757999897,5.84222516,5.673774634,1.341205955,1.452518821,0.790828228,0.572575808,0.242649093,0.04512897900000001,1.3133172990000002
118,Sweden,538040458217.0,,9,7.28399992,7.344094877000001,7.223904962000001,1.494387269,1.478162169,0.830875158,0.612924099,0.385399252,0.384398729,2.097537994
119,Chad,9981303726.23,,137,3.9360001089999996,4.0347115239999995,3.837288693,0.438012987,0.953855872,0.041134715,0.162342027,0.21611385,0.053581882000000004,2.071238041
120,Togo,4812554346.15,,150,3.4949998860000004,3.594038112,3.3959616589999997,0.305444717,0.43188253,0.247105569,0.380426139,0.19689615100000002,0.095665015,1.837229252
121,Thailand,455220920571.13,,32,6.423999786,6.509116856,6.338882717000001,1.127868772,1.425792456,0.647239029,0.580200732,0.57212311,0.031612735,2.039508343
122,Tajikistan,7145701018.75,,96,5.040999889,5.111425596,4.970574183,0.524713635,1.271463275,0.529235125,0.47156670700000003,0.248997644,0.14637714599999999,1.84904933
123,Turkmenistan,42355428571.43,,59,5.8220000270000005,5.885180876000001,5.7588191779999995,1.130776763,1.4931491609999998,0.43772608,0.418271929,0.24992498800000001,0.25927034,1.832909822
124,Trinidad and Tobago,22104775828.46,,38,6.168000221000001,6.381533891,5.954466552,1.361355901,1.380228519,0.519983292,0.518630743,0.325296462,0.008964816,2.053247452
125,Tunisia,40256675208.73,,102,4.804999828,4.884367007,4.72563265,1.007265806,0.86835146,0.613212049,0.28968069,0.049693357,0.086723149,1.89025116
126,Turkey,851102411118.12,,69,5.5,5.594864962999999,5.405135037000001,1.1982743740000001,1.337753177,0.637605608,0.30074059999999997,0.046693042000000004,0.09967158,1.879277945
127,Tanzania,52090320325.47,,153,3.348999977,3.461429755,3.236570199,0.511135876,1.0419898029999999,0.364509284,0.390017778,0.35425636200000005,0.066035107,0.621130466
128,Uganda,25891058946.19,,133,4.0809998510000005,4.195799967,3.966199735,0.381430715,1.129827738,0.217632607,0.443185955,0.325766057,0.057069719000000005,1.526362658
129,Ukraine,112154185121.41,,132,4.096000195,4.185410105,4.006590285,0.8946519490000001,1.394537568,0.575903952,0.122974776,0.270061463,0.023029471,0.814382315
130,Uruguay,56156972157.7,,28,6.453999996,6.545906218,6.362093775,1.217559695,1.412227869,0.7192168240000001,0.5793922539999999,0.17509692899999998,0.178061873,2.1724095340000003
131,United States,19390604000000.0,,14,6.993000031,7.074656748,6.911343313,1.546259284,1.419920564,0.7742866279999999,0.5057405229999999,0.392578781,0.135638788,2.218113422
132,Uzbekistan,48717685984.03,,47,5.971000195,6.065537572999999,5.876462816,0.786441088,1.54896915,0.498272628,0.658248663,0.415983647,0.24652822300000002,1.816913605
133,Vietnam,223863996354.66,,94,5.073999882,5.147280765,5.000718999,0.788547575,1.277491331,0.652168989,0.571055591,0.234968051,0.08763323699999999,1.4623186590000001
134,Kosovo,7128690556.68,,78,5.278999805,5.364847995,5.193151615,0.9514843820000001,1.1378535029999999,0.54145205,0.260287941,0.319931448,0.057471617999999995,2.010540724
135,South Africa,349419343614.09,,101,4.828999996,4.929435188,4.728564805,1.054698706,1.3847886319999998,0.18708007,0.479246736,0.13936238,0.072509497,1.5109086040000002
136,Zambia,25808666421.56,,116,4.513999939,4.644105501,4.383894376000001,0.636406779,1.0031872990000001,0.257835895,0.461603492,0.249580145,0.07821355,1.826705456
137,Zimbabwe,17845821400.0,,138,3.875,3.978699643,3.771300357,0.375846535,1.083095908,0.19676375399999999,0.33638420700000005,0.189143494,0.095375381,1.597970247
